305
6 12 13 18 35 37 38 39 42 47 51 60 89 92 94 102 105 108 110 116 123 135 145 153 156 178 184 185 188 198 199 201 202 210 220 223 226 228 240 249 252 253 264 272 274 277 279 292 302 303 317 318 319 322 325 327 330 336 338 339 352 355 367 368 372 391 396 401 411 419 434 437 443 473 481 485 494 498 505 512 516 525 529 538 541 549 550 553 559 575 577 578 580 589 592 596 608 613 621 622 626 629 635 652 653 666 667 671 677 694 698 713 720 724 727 732 737 747 751 752 755 758 759 769 781 796 799 800 823 824 829 831 840 843 861 865 878 889 891 899 906 910 912 913 922 927 929 931 935 948 950 963 965 990 994 998 1003 1023 1025 1034 1038 1058 1068 1069 1072 1074 1107 1108 1120 1121 1122 1125 1126 1127 1137 1142 1149 1166 1169 1176 1179 1182 1201 1203 1209 1212 1216 1220 1228 1231 1236 1247 1267 1275 1276 1292 1302 1305 1311 1312 1316 1329 1333 1342 1359 1366 1392 1404 1405 1409 1413 1418 1422 1443 1447 1448 1450 1452 1470 1471 1478 1488 1491 1500 1507 1520 1528 1530 1542 1547 1549 1551 1553 1554 1562 1563 1567 1568 1578 1592 1596 1605 1609 1616 1627 1639 1642 1647 1649 1650 1651 1655 1662 1668 1669 1684 1687 1688 1700 1710 1715 1728 1732 1734 1749 1762 1766 1776 1787 1798 1799 1805 1807 1823 1827 1829 1833 1836 1842 1847 1852 1853 1856 1866 1874 1877 1878 1895 1900 1904 1907 1919 1926 1927 1929 1939 1949 1957 1958 1961 1965 1974 1985 1986 1988
28
difference_update 29
174 788 1066 183 903 607 1158 208 1031 1114 480 1838 980 809 978 1496 1688 1899 190 1178 317 1337 553 192 1238 1182 1591 1963 575
intersection_update 22
71 1881 712 554 1200 742 1121 1938 611 162 724 1914 1208 1480 423 778 574 31 6 1912 821 303
update 85
1378 363 90 557 494 114 1194 740 1719 790 1421 705 1349 775 833 197 1851 610 1852 148 161 952 8 791 1770 1803 1016 907 1651 1572 991 164 1355 1371 1284 1280 645 1069 1370 1587 1249 1313 1667 875 836 703 1570 339 225 1442 1582 244 1743 1668 718 914 1698 1253 835 489 483 1783 303 968 892 1366 357 545 604 1832 474 1565 1935 1116 141 1112 1189 980 469 88 1104 559 549 221 883
intersection_update 77
1505 76 1680 1824 1406 408 1232 1691 1419 754 1205 1020 596 1912 1034 1954 782 1632 1889 1107 339 1157 1341 129 1971 509 1295 1751 1658 1350 1865 1711 737 1766 344 990 1740 829 937 504 989 707 1836 1015 812 1133 1823 1844 194 1637 1062 81 828 1963 343 1216 371 738 316 656 347 234 1104 563 345 357 222 1217 107 1789 1459 430 699 1074 1317 657 1087
intersection_update 94
204 1902 307 1577 94 881 1752 942 192 1683 647 58 635 1252 1352 1604 1750 1774 1031 1586 1457 124 1703 1061 946 167 1244 1286 1087 353 1381 1585 1940 1934 696 1357 14 286 1849 903 321 1560 840 898 1000 563 1837 1072 352 1275 1567 780 729 1828 1384 1832 1785 1556 915 672 1635 746 1119 961 694 1799 1498 1263 1452 593 237 735 1481 384 125 741 1412 1502 972 540 303 952 956 232 945 497 1369 54 808 432 1677 1065 930 1545
difference_update 24
816 1643 443 905 713 169 1453 1790 258 897 1690 1733 1088 1106 1927 865 999 1599 1272 545 1735 1363 663 355
update 80
382 1644 1212 1141 1406 696 116 200 93 1761 1325 1142 340 1572 868 501 558 1933 150 444 799 424 222 446 1421 1952 1881 1372 1830 51 872 1290 1482 1054 633 1380 1769 1156 254 1814 1924 492 885 94 1996 808 1973 312 1185 949 1730 166 688 1424 539 219 1435 1553 334 1540 167 1898 764 1113 1495 1318 1357 1968 871 226 713 1738 365 58 916 1343 1974 677 973 1808
difference_update 25
1766 760 1363 550 1199 16 1649 1391 360 877 1376 1977 386 1207 1232 376 1230 704 1314 1875 515 305 452 1635 401
intersection_update 54
1939 38 1816 1489 1040 1906 189 478 1849 821 1042 1772 327 1887 1701 804 1347 474 1903 1047 1973 505 293 237 663 163 1916 1848 1392 1082 407 820 932 131 1782 1400 81 1836 657 518 1417 1447 177 1020 772 1038 1669 1396 453 1660 757 1481 1472 579
symmetric_difference_update 26
1836 1072 1295 546 616 174 1821 397 1860 1138 78 718 1279 250 1171 1567 1957 30 1255 1042 778 1808 1651 59 348 1928
difference_update 66
477 19 64 1820 1163 1233 1985 214 1049 310 850 1048 701 71 1475 984 25 1469 1365 100 275 366 253 1357 684 538 1502 491 1259 1544 647 1370 1837 130 1960 1108 1545 1705 1225 1205 197 1416 1844 1219 128 1295 1855 480 1963 75 806 1501 1077 1768 1590 1145 324 1606 1023 1737 1945 53 482 1638 1871 671
update 76
905 190 1459 978 168 500 1262 1894 531 847 1879 693 1554 1144 1966 281 1832 1799 586 1588 1929 758 851 888 1476 1256 1421 222 913 1243 743 1795 1589 298 545 24 535 1883 372 1593 384 1972 554 1943 31 1869 1598 600 1217 1007 1376 447 579 1635 1109 1600 419 1199 1039 342 885 1114 739 202 412 507 437 1332 907 617 1525 5 1742 518 1292 925
intersection_update 68
27 1999 227 829 33 1025 605 959 1493 1842 1257 515 252 1589 1093 1947 749 1592 595 1155 415 1029 832 1805 609 1822 1275 1057 1371 1656 1650 1490 1505 1436 751 95 556 448 615 1572 1713 1123 761 709 1726 163 222 16 649 1868 608 643 255 869 424 851 744 788 43 1102 792 1854 476 1477 1635 1042 315 1298
difference_update 73
1159 170 1830 87 998 1514 75 642 911 962 1997 958 1382 1861 1171 1462 1262 1674 1620 275 1726 810 929 672 1807 726 1867 897 1976 302 704 1000 264 1688 85 1209 1344 101 1045 1985 1070 940 245 376 1149 21 568 1260 1468 293 1781 855 1375 1945 1538 1913 1743 762 55 919 818 458 1498 990 931 815 255 1822 760 493 1937 754 733
symmetric_difference_update 99
1262 1485 539 1779 748 546 32 859 1680 1467 1791 1520 1384 592 1711 1952 57 23 1829 542 1468 1866 325 1756 346 1349 1565 1421 1797 1802 823 808 1973 1480 99 1055 481 1 1606 447 1417 97 1479 617 1867 135 1714 778 1500 1493 1231 779 1621 184 1872 611 428 1194 1570 489 994 1126 793 25 794 1205 196 864 1686 483 945 1659 1185 1801 1992 1838 201 330 1924 1904 1226 433 1078 1815 884 565 1268 1846 1401 29 572 1735 978 1703 1015 342 1794 983 1452
symmetric_difference_update 79
1719 77 1767 1896 1738 172 74 1994 294 1418 1990 1527 164 854 1624 1515 1533 1000 1139 196 1361 1807 673 938 1822 628 994 1893 656 815 1433 515 54 771 441 84 1071 1828 1937 12 1587 987 1014 1264 1935 1517 530 1580 1669 157 281 94 217 996 215 1003 272 1435 881 1211 1530 417 1572 1922 173 1247 87 794 911 280 571 866 1278 1041 144 1077 583 877 259
update 86
1948 183 702 1683 1095 212 854 1201 1972 1247 783 1796 1810 1458 1850 1377 1268 675 1965 1980 950 953 1166 1280 417 366 137 837 748 469 696 682 1620 875 87 353 1301 1042 272 1825 127 1628 1215 1253 129 1260 1049 1440 1604 33 383 37 1716 602 459 1188 278 368 81 758 994 1881 1835 960 1659 1453 507 1169 634 778 1515 780 679 685 1087 807 579 116 1155 1856 346 113 453 217 1343 1029
intersection_update 98
451 605 127 631 1430 1011 696 1117 1847 159 1912 1246 1471 1827 1123 870 486 1356 591 121 1579 472 343 210 1501 394 1522 193 1826 457 1378 34 235 361 324 1539 400 1688 135 1461 1629 1840 42 1713 1798 490 669 1351 1483 1363 1489 564 960 1055 643 1612 1167 369 1871 562 1266 1095 1258 1988 728 216 1800 535 464 1089 148 849 229 1046 78 255 644 215 558 1191 139 612 322 666 1294 1130 1905 274 1908 1048 788 52 565 1367 112 1209 398 1555
intersection_update 67
1145 98 593 131 1821 1446 3 837 800 627 792 922 442 875 805 1856 954 1019 371 887 1806 1274 1554 521 210 1577 1601 1884 919 712 1705 1228 390 661 798 462 1933 6 1383 1510 683 1424 1158 1748 69 923 369 91 134 129 1085 1086 1029 1714 291 633 1459 415 699 1339 760 1698 1199 1866 714 1869 1276
difference_update 54
1220 1795 852 768 813 890 749 1309 1445 1224 1736 1676 1193 1308 1537 1791 1727 373 98 1210 1047 1018 335 461 613 285 1922 1616 1628 1053 1774 1298 1638 394 643 974 608 1487 1542 1802 1608 747 632 436 904 142 695 983 1085 1861 1721 1545 209 615
intersection_update 23
1181 1111 1071 419 1321 1314 705 1279 1451 232 535 572 373 303 1636 302 379 556 1337 865 313 1814 1183
update 20
1406 766 442 242 1127 962 1061 1499 688 1548 1130 1472 80 1586 203 641 1741 975 227 538
difference_update 8
450 893 1336 380 357 1564 1053 1368
update 66
1923 1501 105 1804 1057 247 1728 1076 506 1783 1486 1621 800 1742 0 1452 951 1617 1537 135 284 1272 191 913 1616 562 88 563 51 1165 547 335 343 371 1440 1135 182 67 745 112 329 557 1776 1845 405 1592 355 969 1964 647 717 497 125 1153 1818 431 1507 1724 776 74 928 972 1524 1786 746 1951
update 51
486 768 1651 1607 118 1312 1088 1481 1153 1211 365 1715 1287 1746 1447 1676 1222 197 987 1603 1886 1172 868 1145 984 1259 494 1975 1020 1283 196 307 400 1455 1128 276 299 1238 1799 821 233 700 265 101 1364 552 45 1598 608 1888 602
intersection_update 7
1292 1939 539 1467 1761 385 574
symmetric_difference_update 21
1869 512 814 106 1791 1503 823 1808 1245 1853 1765 376 1040 642 367 925 280 0 710 279 1509
difference_update 58
1782 1910 1422 661 1768 756 21 815 1666 321 1551 1090 1134 442 978 494 1328 1455 1174 591 1408 1670 1003 71 1228 1475 190 120 1522 752 1085 445 1605 1009 1244 750 1188 1074 1900 1961 136 524 807 309 1275 1460 1064 885 1633 887 271 1307 474 456 78 947 27 1805